2.285658819508523010e+00 5.534008380581552089e+00 8.242035817868144321e+00 9.617672487537639370e+00 9.877042597964445392e+00 1.122600298913845052e+01 1.286600772586045238e+01 1.355360241448240188e+01 1.557401771624003928e+01 1.572408196455724827e+01
2.284579338692302120e+00 5.538280465101991901e+00 8.241272675980411577e+00 9.616592978742904307e+00 9.871149915426546073e+00 1.122791738832597908e+01 1.287027971025727702e+01 1.355296235252077608e+01 1.557325443772294626e+01 1.572232065690183056e+01
2.283502549875923382e+00 5.542554916756785133e+00 8.240509823126709321e+00 9.615516160085384456e+00 9.865257373990402812e+00 1.122983426955879160e+01 1.287455406066529129e+01 1.355232231686907163e+01 1.557249144540874397e+01 1.572055863858073543e+01
2.282428451942092984e+00 5.546831732892749223e+00 8.239747257519525192e+00 9.614442030342116752e+00 9.859365042014221814e+00 1.123175356603472963e+01 1.287883077440626955e+01 1.355168229876184860e+01 1.557172873745347630e+01 1.571879595085298220e+01
2.281357043776504501e+00 5.551110910872133708e+00 8.238984977181623037e+00 9.613370588284244178e+00 9.853472986728302629e+00 1.123367521221187815e+01 1.288310984881647947e+01 1.355104228931451260e+01 1.557096631182218438e+01 1.571703263493926350e+01
2.280288324268361588e+00 5.555392448072988820e+00 8.238222979941971502e+00 9.612301832677150770e+00 9.847581274274219254e+00 1.123559914377085001e+01 1.288739128124738187e+01 1.355040227952712506e+01 1.557020416628436088e+01 1.571526873202045671e+01
2.279222292310773224e+00 5.559676341889468354e+00 8.237461263431470115e+00 9.611235762279402906e+00 9.841689969742924760e+00 1.123752529757804197e+01 1.289167506906549932e+01 1.354976226028838759e+01 1.556944229840991589e+01 1.571350428323602699e+01
2.278158946801242202e+00 5.563962589732069475e+00 8.236699825078796167e+00 9.610172375842630288e+00 9.835799137212044130e+00 1.123945361164996015e+01 1.289596120965309822e+01 1.354912222237952690e+01 1.556868070556489059e+01 1.571173932968246589e+01
2.277098286642108338e+00 5.568251189028042170e+00 8.235938662106201846e+00 9.609111672110190128e+00 9.829908839782486751e+00 1.124138402511880130e+01 1.290024970040803609e+01 1.354848215647836263e+01 1.556791938490725258e+01 1.570997391241181873e+01
2.276040310741007655e+00 5.572542137221527803e+00 8.235177771525174606e+00 9.608053649816367781e+00 9.824019139613938023e+00 1.124331647819857594e+01 1.290454053874449514e+01 1.354784205316316914e+01 1.556715833338250832e+01 1.570820807243001482e+01
2.274985018011299154e+00 5.576835431773941032e+00 8.234417150132275154e+00 9.606998307685262972e+00 9.818130097959949509e+00 1.124525091215264716e+01 1.290883372209265012e+01 1.354720190291687310e+01 1.556639754771925865e+01 1.570644185069537890e+01
2.273932407372545317e+00 5.581131070164197183e+00 8.233656794504712551e+00 9.605945644429294106e+00 9.812241775202222627e+00 1.124718726926191792e+01 1.291312924789934513e+01 1.354656169613094008e+01 1.556563702442516295e+01 1.570467528811700220e+01
2.272882477750905128e+00 5.585429049888970710e+00 8.232896700996111150e+00 9.604895658747416576e+00 9.806354230884362977e+00 1.124912549279399876e+01 1.291742711362818774e+01 1.354592142310959169e+01 1.556487675978217666e+01 1.570290842555317390e+01
2.271835228079627456e+00 5.589729368462888814e+00 8.232136865732147868e+00 9.603848349323115485e+00 9.800467523745101772e+00 1.125106552697326201e+01 1.292172731675963604e+01 1.354528107407378101e+01 1.556411674984234850e+01 1.570114130380983575e+01
2.270790657299418314e+00 5.594032023418817445e+00 8.231377284606121947e+00 9.602803714821964931e+00 9.794581711751115805e+00 1.125300731695166689e+01 1.292602985479113364e+01 1.354464063916539551e+01 1.556335699042354115e+01 1.569937396363895132e+01
2.269748764358978210e+00 5.598337012308055805e+00 8.230617953274604659e+00 9.601761753888954587e+00 9.788696852129556092e+00 1.125495080878047638e+01 1.293033472523764971e+01 1.354400010845134084e+01 1.556259747710455521e+01 1.569760644573692865e+01
2.268709548215318339e+00 5.602644332700542407e+00 8.229858867153012625e+00 9.600722465144675866e+00 9.782813001400361586e+00 1.125689594938269344e+01 1.293464192563132364e+01 1.354335947192772238e+01 1.556183820522077355e+01 1.569583879074304633e+01
2.267673007834272614e+00 5.606953982185066465e+00 8.229100021411122512e+00 9.599685847181664400e+00 9.776930215408389913e+00 1.125884268652631626e+01 1.293895145352200693e+01 1.354271871952398243e+01 1.556107916986008100e+01 1.569407103923784419e+01
2.266639142190872924e+00 5.611265958369399343e+00 8.228341410968655012e+00 9.598651898559639406e+00 9.771048549355834112e+00 1.126079096879823815e+01 1.294326330647725953e+01 1.354207784110713497e+01 1.556032036585762768e+01 1.569230323174155828e+01
2.265607950269783899e+00 5.615580258880528142e+00 8.227583030490706051e+00 9.597620617799432097e+00 9.765168057834671345e+00 1.126274074557901983e+01 1.294757748208246362e+01 1.354143682648593661e+01 1.555956178779163501e+01 1.569053540871251329e+01
2.264579431065730564e+00 5.619896881364806696e+00 8.226824874383284580e+00 9.596592003376455793e+00 9.759288794859726224e+00 1.126469196701816067e+01 1.295189397794080044e+01 1.354079566541512669e+01 1.555880342997886956e+01 1.568876761054558067e+01
2.263553583583888251e+00 5.624215823488041721e+00 8.226066936788731354e+00 9.595566053712536458e+00 9.753410813902316789e+00 1.126664458401016589e+01 1.295621279167357365e+01 1.354015434759962666e+01 1.555804528646970297e+01 1.568699987757053727e+01
2.262530406840313368e+00 5.628537082935700653e+00 8.225309211581096847e+00 9.594542767166046815e+00 9.747534167925113735e+00 1.126859854817123541e+01 1.296053392092016487e+01 1.353951286269877663e+01 1.555728735104373506e+01 1.568523225005051813e+01
2.261509899862307993e+00 5.632860657413022665e+00 8.224551692361659505e+00 9.593522142020219690e+00 9.741658909418303480e+00 1.127055381181656557e+01 1.296485736333795913e+01 1.353887120033067859e+01 1.555652961720498162e+01 1.568346476818050128e+01
2.260492061688858634e+00 5.637186544645078179e+00 8.223794372454173995e+00 9.592504176468775512e+00 9.735785090437721223e+00 1.127251032793826369e+01 1.296918311660264145e+01 1.353822935007635841e+01 1.555577207817699836e+01 1.568169747208561304e+01
2.259476891371027474e+00 5.641514742376942948e+00 8.223037244900266884e+00 9.591488868598371909e+00 9.729912762645637869e+00 1.127446805018388432e+01 1.297351117840794466e+01 1.353758730148411082e+01 1.555501472689844533e+01 1.567993040181972297e+01
2.258464387972310305e+00 5.645845248373712266e+00 8.222280302454732848e+00 9.590476216367820328e+00 9.724041977354717758e+00 1.127642693283544872e+01 1.297784154646597621e+01 1.353694504407372712e+01 1.555425755601796389e+01 1.567816359736379717e+01
2.257454550569030882e+00 5.650178060420636861e+00 8.221523537580871732e+00 9.589466217581305685e+00 9.718172785576713935e+00 1.127838693078916066e+01 1.298217421850685582e+01 1.353630256734084369e+01 1.555350055788978558e+01 1.567639709862436526e+01
2.256447378250751257e+00 5.654513176323148649e+00 8.220766942445681735e+00 9.588458869856388844e+00 9.712305238076663016e+00 1.128034799953552181e+01 1.298650919227894818e+01 1.353565986076122307e+01 1.555274372456827869e+01 1.567463094543205315e+01
2.255442870120600851e+00 5.658850593906882942e+00 8.220010508915111203e+00 9.587454170582971003e+00 9.706439385434926237e+00 1.128231009514007255e+01 1.299084646554862132e+01 1.353501691379505267e+01 1.555198704780376495e+01 1.567286517753994524e+01
2.254441025295674805e+00 5.663190311017782363e+00 8.219254228549273122e+00 9.586452116872699492e+00 9.700575278118986233e+00 1.128427317422454834e+01 1.299518603610034795e+01 1.353437371589128624e+01 1.555123051903693288e+01 1.567109983462218281e+01
2.253441842907390136e+00 5.667532325522109282e+00 8.218498092597624094e+00 9.585452705493889169e+00 9.694712966568930668e+00 1.128623719394863478e+01 1.299952790173660055e+01 1.353373025649193018e+01 1.555047412939440221e+01 1.566933495627245776e+01
2.252445322101821912e+00 5.671876635306351666e+00 8.217742091994070464e+00 9.584455932788786825e+00 9.688852501300480924e+00 1.128820211199210988e+01 1.300387206027752462e+01 1.353308652503637077e+01 1.554971786968340375e+01 1.566757058200241204e+01
2.251451462040102935e+00 5.676223238277349203e+00 8.216986217352104660e+00 9.583461794565819147e+00 9.682993933032184586e+00 1.129016788653749614e+01 1.300821850956119441e+01 1.353244251096577067e+01 1.554896173038692275e+01 1.566580675124030009e+01
2.250460261898706182e+00 5.680572132362220472e+00 8.216230458959886462e+00 9.582470285959026057e+00 9.677137312845527362e+00 1.129213447625315325e+01 1.301256724744302318e+01 1.353179820372730902e+01 1.554820570165868077e+01 1.566404350332947359e+01
2.249471720869839153e+00 5.684923315508322084e+00 8.215474806775242556e+00 9.581481401241175533e+00 9.671282692390461122e+00 1.129410184027679342e+01 1.301691827179608119e+01 1.353115359277853003e+01 1.554744977331783318e+01 1.566228087752693021e+01
2.248485838161747630e+00 5.689276785683193616e+00 8.214719250420722929e+00 9.580495133573043276e+00 9.665430124155237834e+00 1.129606993819945160e+01 1.302127158051044198e+01 1.353050866759179449e+01 1.554669393484396878e+01 1.566051891300184806e+01
2.247502612999050520e+00 5.693632540874562942e+00 8.213963779178623525e+00 9.579511474660577619e+00 9.659579661827121910e+00 1.129803873004988013e+01 1.302562717149332627e+01 1.352986341765847556e+01 1.554593817537196365e+01 1.565875764883432808e+01
2.246522044623056935e+00 5.697990579090208563e+00 8.213208381985790396e+00 9.578530414278951355e+00 9.653731360786441229e+00 1.130000817627926146e+01 1.302998504266866675e+01 1.352921783249336407e+01 1.554518248368658995e+01 1.565699712401376331e+01
2.245544132292091710e+00 5.702350898357901876e+00 8.212453047428670772e+00 9.577551939598743402e+00 9.647885278797891928e+00 1.130197823774639865e+01 1.303434519197687713e+01 1.352857190163904022e+01 1.554442684821750298e+01 1.565523737743768784e+01
2.244568875281783615e+00 5.706713496725313917e+00 8.211697763738115441e+00 9.576576034211617738e+00 9.642041477002418759e+00 1.130394887570332862e+01 1.303870761737473671e+01 1.352792561467017229e+01 1.554367125703372743e+01 1.565347844791025445e+01
2.243596272885385545e+00 5.711078372259904334e+00 8.210942518784207778e+00 9.575602676686008508e+00 9.636200021378492409e+00 1.130592005178107229e+01 1.304307231683484680e+01 1.352727896119788298e+01 1.554291569783852189e+01 1.565172037414101780e+01
2.242626324414052519e+00 5.715445523048721554e+00 8.210187300071108751e+00 9.574631838365379011e+00 9.630360984960528725e+00 1.130789172797608977e+01 1.304743928834541755e+01 1.352663193087412274e+01 1.554216015796355954e+01 1.564996319474355069e+01
2.241659029197139663e+00 5.719814947198403665e+00 8.209432094731754503e+00 9.573663479903089524e+00 9.624524451320590757e+00 1.130986386663677656e+01 1.305180852990995177e+01 1.352598451339598107e+01 1.554140462436405201e+01 1.564820694823413838e+01
2.240694386582480657e+00 5.724186642834911076e+00 8.208676889522633857e+00 9.572697545596668078e+00 9.618690520250501308e+00 1.131183643045048193e+01 1.305618003954677597e+01 1.352533669851004561e+01 1.554064908361271868e+01 1.564645167303054407e+01
2.239732395936664400e+00 5.728560608103398621e+00 8.207921670818416615e+00 9.571733953700169550e+00 9.612859317465208164e+00 1.131380938243082035e+01 1.306055381528855008e+01 1.352468847601679336e+01 1.553989352189474893e+01 1.564469740745078141e+01
2.238773056645268600e+00 5.732936841168012165e+00 8.207166424606619159e+00 9.570772578939974906e+00 9.607031012103064427e+00 1.131578268590522818e+01 1.306492985518209693e+01 1.352403983577490543e+01 1.553913792500176427e+01 1.564294418971182310e+01
2.237816368113177745e+00 5.737315340211731396e+00 8.206411136482154589e+00 9.569813218782327269e+00 9.601205850473618852e+00 1.131775630450294834e+01 1.306930815728756734e+01 1.352339076770563153e+01 1.553838227832640762e+01 1.564119205792844092e+01
2.236862329764783830e+00 5.741696103436093601e+00 8.205655791641961017e+00 9.568855522629933219e+00 9.595384226876477740e+00 1.131973020214327086e+01 1.307368871967817192e+01 1.352274126179715275e+01 1.553762656685671928e+01 1.563944105011201913e+01
2.235910941044232825e+00 5.746079129061076429e+00 8.204900374879397162e+00 9.567898825837058752e+00 9.589566849601384391e+00 1.132170434302405404e+01 1.307807154043966946e+01 1.352209130810898507e+01 1.553687077517000148e+01 1.563769120416946201e+01
2.234962201415692906e+00 5.750464415324749723e+00 8.204144870578801374e+00 9.566941696592497379e+00 9.583755194060017857e+00 1.132367869161056895e+01 1.308245661766935797e+01 1.352144089677630134e+01 1.553611488742744129e+01 1.563594255790197529e+01
2.234016110363564067e+00 5.754851960483045481e+00 8.203389262709791296e+00 9.565980385043099332e+00 9.577953053677365602e+00 1.132565321262456415e+01 1.308684394947605512e+01 1.352079001801430280e+01 1.553535888736799464e+01 1.563419514900405005e+01
2.233072667392675736e+00 5.759241762809560683e+00 8.202633534821694994e+00 9.565001035470681146e+00 9.572174327729424448e+00 1.132762787103377633e+01 1.309123353397890277e+01 1.352013866212264936e+01 1.553460275830243376e+01 1.563244901506237206e+01
2.232131872028544795e+00 5.763633820595217117e+00 8.201877670037896806e+00 9.563886068920313122e+00 9.566536638729361997e+00 1.132960263204146223e+01 1.309562536930714138e+01 1.351948681948984010e+01 1.553384648310752247e+01 1.563070419355484120e+01
2.231193723817524788e+00 5.768028132147932752e+00 8.201121651049922079e+00 9.560252742367445933e+00 9.563422773274329103e+00 1.133157746107636399e+01 1.310001945359879016e+01 1.351883448059754755e+01 1.553309004421958051e+01 1.562896072184950391e+01
2.230258222327062168e+00 5.772424695792411242e+00 8.200365460111830984e+00 9.554577146047657621e+00 9.562356684730307421e+00 1.133355232378293920e+01 1.310441578500046589e+01 1.351818163602513856e+01 1.553233342362878489e+01 1.562721863720362592e+01
2.229325367145845505e+00 5.776823509869721818e+00 8.199609079034233972e+00 9.548805309208546532e+00 9.561392387493869549e+00 1.133552718601175258e+01 1.310881436166582859e+01 1.351752827645406008e+01 1.553157660287267205e+01 1.562547797676276673e+01
2.228395157883978683e+00 5.781224572737017731e+00 8.198852489178442227e+00 9.543018936322560819e+00 9.560448220793263729e+00 1.133750201381010747e+01 1.311321518175537726e+01 1.351687439267223212e+01 1.553081956302996680e+01 1.562373877755988794e+01
2.227467594173188292e+00 5.785627882767168551e+00 8.198095671450463584e+00 9.537229464543768742e+00 9.559512791245337482e+00 1.133947677341306282e+01 1.311761824343494887e+01 1.351621997557860411e+01 1.553006228471411454e+01 1.562200107651444547e+01
2.226542675666950633e+00 5.790033438348388906e+00 8.197338606295010877e+00 9.531440206136817750e+00 9.558582830440355949e+00 1.134145143123449984e+01 1.312202354487493849e+01 1.351556501618762063e+01 1.552930474806698236e+01 1.562026491043166487e+01
2.225620402040676904e+00 5.794441237883864559e+00 8.196581273689339753e+00 9.525652491613232797e+00 9.557657051818821969e+00 1.134342595385850849e+01 1.312643108424914828e+01 1.351490950563367655e+01 1.552854693275225273e+01 1.561853031600163177e+01
2.224700772991838882e+00 5.798851279791349178e+00 8.195823653137168208e+00 9.519866973646914587e+00 9.556734846769664671e+00 1.134540030803103505e+01 1.313084085973358128e+01 1.351425343517578881e+01 1.552778881794881549e+01 1.561679732979868263e+01
2.223783788240119019e+00 5.803263562502772643e+00 8.195065723662430912e+00 9.514084021581449946e+00 9.555815890136171831e+00 1.134737446065162736e+01 1.313525286950509496e+01 1.351359679620208532e+01 1.552703038234405142e+01 1.561506598828058756e+01
2.222869447527522357e+00 5.807678084463780976e+00 8.194307463802937619e+00 9.508303869253744267e+00 9.554899992405395892e+00 1.134934837876550162e+01 1.313966711174039048e+01 1.351293958023444830e+01 1.552627160412720464e+01 1.561333632778798730e+01
2.221957750618533733e+00 5.812094844133365079e+00 8.193548851604123939e+00 9.502526679073927340e+00 9.553987035641682724e+00 1.135132202955579217e+01 1.314408358461417592e+01 1.351228177893328386e+01 1.552551246098230564e+01 1.561160838454368616e+01
2.221048697300185726e+00 5.816513839983329603e+00 8.192789864612505468e+00 9.496752572928889080e+00 9.553076942595730259e+00 1.135329538033592911e+01 1.314850228629798501e+01 1.351162338410214936e+01 1.552475293008129675e+01 1.560988219465215998e+01
2.220142287382193214e+00 5.820935070497893271e+00 8.192030479869272241e+00 9.490981648357498912e+00 9.552169660542748630e+00 1.135526839854233216e+01 1.315292321495816630e+01 1.351096438769263131e+01 1.552399298807706352e+01 1.560815779409900550e+01
2.219238520697041750e+00 5.825358534173159519e+00 8.191270673903629174e+00 9.485213987585545681e+00 9.551265152260150160e+00 1.135724105172719867e+01 1.315734636875450114e+01 1.351030478180915928e+01 1.552323261109602370e+01 1.560643521875045714e+01
2.218337397100067054e+00 5.829784229516692839e+00 8.190510422726260842e+00 9.479449662848164593e+00 9.550363390718219492e+00 1.135921330755157221e+01 1.316177174583816090e+01 1.350964455871403125e+01 1.552247177473119777e+01 1.560471450435298912e+01
2.217438916469547383e+00 5.834212155046919257e+00 8.189749701822456984e+00 9.473688739667039727e+00 9.549464355815571182e+00 1.136118513377845396e+01 1.316619934434965167e+01 1.350898371083242822e+01 1.552171045403438399e+01 1.560299568653289448e+01
2.216543078706743941e+00 5.838642309292667143e+00 8.188988486145397871e+00 9.467931278946307927e+00 9.548568032295978725e+00 1.136315649826629226e+01 1.317062916241661519e+01 1.350832223075754612e+01 1.552094862350904236e+01 1.560127880079604168e+01
2.215649883736004799e+00 5.843074690792625425e+00 8.188226750109240726e+00 9.462177338357060208e+00 9.547674408376817468e+00 1.136512736896247588e+01 1.317506119815169896e+01 1.350766011125597110e+01 1.552018625710251243e+01 1.559956388252755843e+01
2.214759331504770223e+00 5.847509298094779595e+00 8.187464467582145744e+00 9.456426973278876602e+00 9.546783474819900306e+00 1.136709771389707413e+01 1.317949544964966080e+01 1.350699734527301210e+01 1.551942332819826298e+01 1.559785096699162743e+01
2.213871421983655274e+00 5.851946129755865478e+00 8.186701611879136919e+00 9.450680237456600352e+00 9.545895224287720637e+00 1.136906750117678300e+01 1.318393191498510575e+01 1.350633392593833193e+01 1.551865980960805480e+01 1.559614008933138862e+01
2.212986155166449809e+00 5.856385184340781258e+00 8.185938155755094314e+00 9.444937183469221509e+00 9.545009650887051222e+00 1.137103669897894065e+01 1.318837059220907193e+01 1.350566984657166891e+01 1.551789567356404476e+01 1.559443128456883443e+01
2.212103531070165996e+00 5.860826460421987960e+00 8.185174071397316453e+00 9.439197863071951744e+00 9.544126749839522361e+00 1.137300527554579332e+01 1.319281147934608178e+01 1.350500510068887827e+01 1.551713089171049376e+01 1.559272458760476354e+01
2.211223549735056082e+00 5.865269956578933908e+00 8.184409330418331407e+00 9.433462327450572005e+00 9.543246517239980520e+00 1.137497319917890692e+01 1.319725457439048810e+01 1.350433968200802326e+01 1.551636543509551380e+01 1.559102003321886265e+01
2.210346211224591517e+00 5.869715671397438328e+00 8.183643903848359713e+00 9.427730627414504738e+00 9.542368949875990936e+00 1.137694043823363188e+01 1.320169987530296041e+01 1.350367358445589794e+01 1.551559927416284346e+01 1.558931765606985564e+01
2.209471515625499816e+00 5.874163603469021666e+00 8.182877762127860777e+00 9.422002813545612199e+00 9.541494045091866383e+00 1.137890696111394107e+01 1.320614738000593213e+01 1.350300680217485194e+01 1.551483237874308330e+01 1.558761749069564573e+01
2.208599463047721478e+00 5.878613751390285636e+00 8.182110875099750658e+00 9.416278936315153558e+00 9.540621800684068177e+00 1.138087273626712204e+01 1.321059708637936581e+01 1.350233932952970406e+01 1.551406471804495268e+01 1.558591957151357477e+01
2.207730053624425093e+00 5.883066113762283500e+00 8.181343212001833010e+00 9.410559046177352727e+00 9.539752214820634180e+00 1.138283773217892225e+01 1.321504899225559981e+01 1.350167116111546228e+01 1.551329626064686629e+01 1.558422393282085494e+01
2.206863287511920291e+00 5.887520689189827294e+00 8.180574741458800148e+00 9.404843193645126220e+00 9.538885285977881878e+00 1.138480191736857350e+01 1.321950309541395896e+01 1.350100229176505984e+01 1.551252697448698470e+01 1.558253060879491869e+01
2.205999164889706154e+00 5.891977476280757742e+00 8.179805431474298061e+00 9.399131429352914679e+00 9.538021012890540717e+00 1.138676526038412185e+01 1.322395939357470951e+01 1.350033271655791545e+01 1.551175682685506274e+01 1.558083963349395695e+01
2.205137685960345539e+00 5.896436473645341181e+00 8.179035249422932807e+00 9.393423804109124475e+00 9.537159394511963484e+00 1.138872772979788905e+01 1.322841788439235167e+01 1.349966243082889505e+01 1.551098578438231357e+01 1.557915104085751068e+01
2.204278850949459745e+00 5.900897679895483527e+00 8.178264162041942953e+00 9.387720368941112170e+00 9.536300429981960036e+00 1.139068929420195175e+01 1.323287856544829921e+01 1.349899143017800363e+01 1.551021381303200819e+01 1.557746486470721159e+01
2.203422660105631703e+00 5.905361093644065029e+00 8.177492135423035435e+00 9.382021175133839819e+00 9.535444118600912233e+00 1.139264992220386752e+01 1.323734143424270115e+01 1.349831971048084611e+01 1.550944087808987604e+01 1.557578113874752646e+01
2.202569113700375336e+00 5.909826713504121365e+00 8.176719135003812866e+00 9.376326274264069838e+00 9.534590459808590879e+00 1.139460958242247202e+01 1.324180648818534678e+01 1.349764726789987179e+01 1.550866694415384117e+01 1.557409989656663285e+01
2.201718212028014321e+00 5.914294538088237907e+00 8.175945125559319848e+00 9.370635718230762023e+00 9.533739453166779398e+00 1.139656824348386444e+01 1.324627372458527574e+01 1.349697409889681587e+01 1.550789197512420259e+01 1.557242117163752582e+01
2.200869955405620360e+00 5.918764566007638450e+00 8.175170071193324617e+00 9.364949559282417013e+00 9.532891098344720149e+00 1.139852587401741779e+01 1.325074314063988545e+01 1.349630020024601151e+01 1.550711593419300449e+01 1.557074499731899486e+01
2.200024344172900381e+00 5.923236795871486216e+00 8.174393935329502980e+00 9.359267850042254366e+00 9.532045395107168417e+00 1.140048244265202371e+01 1.325521473342160128e+01 1.349562556904935562e+01 1.550633878383325737e+01 1.556907140685693669e+01
2.199181378692071309e+00 5.927711226286112911e+00 8.173616680702521009e+00 9.353590643531376259e+00 9.531202343304352453e+00 1.140243791801236384e+01 1.325968849986386822e+01 1.349495020275263713e+01 1.550556048578870083e+01 1.556740043338565727e+01
2.198341059347808990e+00 5.932187855854179404e+00 8.172838269348911666e+00 9.347917993190522523e+00 9.530361942863407876e+00 1.140439226871533940e+01 1.326416443674480661e+01 1.349427409916367537e+01 1.550478100106194290e+01 1.556573210992936040e+01
2.197503386547064785e+00 5.936666683173901227e+00 8.172058662597930123e+00 9.342249952900575138e+00 9.529524193781256258e+00 1.140634546336665878e+01 1.326864254066875759e+01 1.349359725647268426e+01 1.550400028990380541e+01 1.556406646940378380e+01
2.196668360718930124e+00 5.941147706838200371e+00 8.171277821062131963e+00 9.336586577001993348e+00 9.528689096118403867e+00 1.140829747055745180e+01 1.327312280804540023e+01 1.349291967327498831e+01 1.550321831180123233e+01 1.556240354461786346e+01
2.195835982314547241e+00 5.945630925433897040e+00 8.170495704627917632e+00 9.330927920313701662e+00 9.527856649993752924e+00 1.141024825886104743e+01 1.327760523506598211e+01 1.349224134859672297e+01 1.550243502546574526e+01 1.556074336827569660e+01
2.195006251806916442e+00 5.950116337540824141e+00 8.169712272445837087e+00 9.325274038150944023e+00 9.527026855580144726e+00 1.141219779682982605e+01 1.328208981767573782e+01 1.349156228192383367e+01 1.550165038882118473e+01 1.555908597297853468e+01
2.194179169690759768e+00 5.954603941731010153e+00 8.168927482920862460e+00 9.319624986343145068e+00 9.526199713100160338e+00 1.141414605299229201e+01 1.328657655154270145e+01 1.349088247323523682e+01 1.550086435899137349e+01 1.555743139122706076e+01
2.193354736482336698e+00 5.959093736567769639e+00 8.168141293702383621e+00 9.313980821250924080e+00 9.525375222823052823e+00 1.141609299585002368e+01 1.329106543202145829e+01 1.349020192304057808e+01 1.550007689228731955e+01 1.555577965542365781e+01
2.192532952719299377e+00 5.963585720604882567e+00 8.167353661674132681e+00 9.308341599782922415e+00 9.524553385061690136e+00 1.141803859387496267e+01 1.329555645411116771e+01 1.348952063242382060e+01 1.549928794419412093e+01 1.555413079787500585e+01
2.191713818960482119e+00 5.968079892385662610e+00 8.166564542943936189e+00 9.302707379412611388e+00 9.523734200169737818e+00 1.141998281550672090e+01 1.330004961240672579e+01 1.348883860309357630e+01 1.549849746935778150e+01 1.555248485079486898e+01
2.190897335785728206e+00 5.972576250442020118e+00 8.165773892833248837e+00 9.297078218194474886e+00 9.522917668539536251e+00 1.142192562914985032e+01 1.330454490104182597e+01 1.348815583744141833e+01 1.549770542157149400e+01 1.555084184630691091e+01
